C50test/JoeOrtiz/ 1.0 0.388016235307 0.824550162979 0.0926649558534 
C50train/JoeOrtiz/ 1.0 0.388016235307 0.824550162979 0.0926649558534 
C50test/JonathanBirt/ 1.0 0.388016235307 0.824550162979 0.0926649558534 
C50train/JonathanBirt/ 1.0 0.388016235307 0.824550162979 0.0926649558534 
C50test/MarkBendeich/ 1.0 0.388016235307 0.824550162979 0.0926649558534 
C50train/MarkBendeich/ 1.0 0.388016235307 0.824550162979 0.0926649558534 
C50test/MureDickie/ 1.0 0.388016235307 0.824550162979 0.0926649558534 
C50train/MureDickie/ 1.0 0.388016235307 0.824550162979 0.0926649558534 
C50test/RobinSidel/ 1.0 0.388016235307 0.824550162979 0.0926649558534 
C50train/RobinSidel/ 1.0 0.388016235307 0.824550162979 0.0926649558534 
0 0 0 0 0 
0 0 0 0 0 
0 0 0 0 0 
0 0 0 0 0 
0 0 0 0 0 
0 0 0 0 0 
C50train/JoeOrtiz/:C50train/JonathanBirt/  1.0 0.405712197451 0.824735656592 0.0926917974691 
0 0 0 0 0 
C50train/JonathanBirt/:C50train/MarkBendeich/  1.0 0.405712197451 0.824735656592 0.0926917974691 
0 0 0 0 0 
C50train/MarkBendeich/:C50train/MureDickie/  1.0 0.405712197451 0.824735656592 0.0926917974691 
0 0 0 0 0 
C50train/MureDickie/:C50train/RobinSidel/  1.0 0.405712197451 0.824735656592 0.0926917974691 
0 0 0 0 0 
0 0 0 0 0 
0 0 0 0 0 
0 0 0 0 0 
0 0 0 0 0 
0 0 0 0 0 
0 0 0 0 0 
0 0 0 0 0 
0 0 0 0 0 
0 0 0 0 0 
0 0 0 0 0 
0 0 0 0 0 
